110107198104090015 0
130221197202171216 1
130503198701242726 2
130582197803030477 3
130929199303013880 4
13292419730817801X 5
140103198110065414 6
142231197008240114 7
142730199402281555 8
152126196201271239 9
210105197809154353 10
21010619750906001X 11
210411198209291221 12
210421197312260026 13
211223196803200093 14
211319197502266414 15
211403197006224017 16
220102197508044022 17
220221197705030812 18
220523199008030137 19
230125198808282955 20
230522198709150036 21
230827196310164179 22
230904199303040017 23
231023197101171096 24
231083198702050725 25
232301197407163493 26
310101195401283732 27
310101195905092833 28
310101195912084014 29
310101196003204036 30
310101196304033277 31
31010119630625361X 32
310101196310315211 33
310101196312093210 34
310101196711032810 35
310101196803201976 36
31010119690320121X 37
31010119691030281X 38
310101197110013619 39
310101197208104439 40
31010119721113281X 41
310101197404164818 42
310101197404194814 43
310101197607134416 44
310101197811061613 45
310101198210260531 46
310101198301171518 47
310101198311291046 48
310101198510041015 49
310101198602030532 50
31010119870209009X 51
310101198704221516 52
310101199401301038 53
31010219560609283X 54
310102195702173736 55
310102195705132868 56
310102195901242810 57
310102196003054011 58
310102196007061219 59
310102196210181216 60
310102196212131212 61
310102196310311292 62
310102196312261217 63
310102196412052818 64
310102196507254850 65
31010219651116281X 66
310102196902082411 67
31010219710908001X 68
310102197202055679 69
310102197403264813 70
310102197403265218 71
310102197409180039 72
310102197411231210 73
310102197512011727 74
310102197611020418 75
310102197807120031 76
310102197811032413 77
310102198008211214 78
310102198111214472 79
310102198404304455 80
310102198407182895 81
310102198507161610 82
310102198703191630 83
310102198711101674 84
310102198712031639 85
310102198810301612 86
310102199008221230 87
310103196003312419 88
310103196103103227 89
31010319610922007X 90
310103196206032038 91
310103196210282822 92
310103196311220452 93
310103196603060411 94
310103196603080439 95
310103196805171224 96
310103196901140815 97
310103196903080430 98
310103197002182813 99
310103197107091619 100
310103197401072419 101
310103197410300022 102
310103197410302810 103
310103197510085016 104
310103197710102837 105
310103197803182418 106
310103197906253215 107
310103197909150019 108
310103198101166012 109
310103198108114012 110
310103198406144017 111
310103198503114098 112
310103198606295055 113
31010319870323705X 114
310103198910146038 115
310103199002156016 116
310104195306210454 117
310104195407262886 118
310104196006294419 119
310104196101292497 120
310104196208162019 121
310104196310214436 122
310104196408202812 123
310104196610310411 124
310104196711092839 125
310104196802124015 126
310104196812282818 127
310104197106272414 128
310104197110264011 129
310104197111290414 130
310104197208164430 131
310104197302254037 132
310104197403304822 133
310104197506042431 134
310104197611144034 135
310104197703310853 136
31010419780507082X 137
310104198101186810 138
31010419810730243X 139
310104198110214019 140
310104198206224035 141
310104198209192454 142
310104198212094054 143
310104198212150044 144
310104198302203613 145
310104198402167218 146
310104198402224032 147
310104198503156438 148
310104198505281232 149
310104198601090831 150
310104198601130055 151
310104198609276016 152
310104198610214832 153
310104198705022438 154
310104198710292811 155
310104198712102823 156
31010419880708121X 157
310104198808154425 158
310104198809232413 159
310104198903292455 160
310104198907040036 161
31010419900412281X 162
310104199107200091 163
310105194707201235 164
31010519520403322X 165
310105196211013248 166
31010519630729163X 167
310105196311273215 168
310105196312262817 169
31010519650714081X 170
310105196606273239 171
31010519660630201X 172
31010519671101321X 173
31010519680710161X 174
310105196812090855 175
310105196910202814 176
310105197209294022 177
310105197211191217 178
310105197308243618 179
310105197309091652 180
310105197506302412 181
310105197602140417 182
310105197712220012 183
310105197807292019 184
310105197811233222 185
310105198110302058 186
310105198111300070 187
310105198112072014 188
310105198202085038 189
310105198204050074 190
310105198303251613 191
310105198407155095 192
310105198610045051 193
31010519861112363X 194
310105198707195099 195
310105198708111213 196
310105198911192012 197
310105199004130410 198
310105199107272032 199
310106195612054077 200
310106196002020034 201
310106196108130856 202
310106196205280813 203
310106196208170839 204
310106196209030416 205
310106196404272015 206
310106196802190058 207
310106196811232416 208
31010619730129403X 209
310106197304213215 210
310106197309242031 211
310106197501301230 212
310106197710252818 213
310106197811181633 214
310106197904260816 215
310106198111120850 216
310106198111184037 217
310106198210132857 218
310106198211170038 219
310106198311291638 220
310106198401081618 221
310106198601300037 222
31010619861105081X 223
31010619880809287X 224
310106198905212837 225
310106199105012815 226
310106199309282817 227
310107196007060891 228
310107196007273213 229
310107196012202911 230
31010719620610165X 231
310107196311260839 232
31010719640214469X 233
31010719641127201X 234
310107196502020053 235
310107196701062416 236
310107196707075410 237
310107196710154638 238
310107196912023230 239
310107197108022012 240
31010719710923501X 241
310107197110271616 242
310107197111202022 243
31010719720303541X 244
31010719721214401X 245
310107197401033212 246
310107197401274630 247
310107197403052417 248
31010719780918601X 249
310107197810032819 250
310107197810055412 251
310107197905230818 252
310107197907305422 253
310107198010282056 254
310107198101101724 255
310107198104161319 256
31010719820815253X 257
310107198312133427 258
31010719831216491X 259
31010719841019301X 260
310107198411121317 261
310107198506024915 262
310107198510263038 263
310107198510310439 264
310107198701193415 265
310107198701223450 266
310107198706064436 267
310107198707153473 268
310107198809220059 269
310107198811300015 270
31010719890623345X 271
310107199008220037 272
31010719920622301X 273
310108196109194811 274
310108196111284437 275
31010819631128321X 276
310108196402043211 277
310108196502102821 278
310108196601022835 279
310108196911041214 280
310108197009172812 281
310108197012134438 282
310108197205092035 283
310108197210180435 284
310108197210225218 285
310108197210282431 286
310108197302123219 287
310108197304130818 288
310108197306185230 289
310108197312245244 290
310108197407270418 291
310108197410222839 292
310108197502013639 293
310108197508241616 294
310108197607080811 295
310108197701222812 296
310108197801193633 297
310108197807293619 298
310108197903102018 299
310108198109270035 300
310108198306022911 301
310108198601253827 302
310108198607181510 303
310108198610060031 304
310108198611052017 305
31010819861204051X 306
310108198701082017 307
310108198705220616 308
31010819880317203X 309
310108198811061014 310
31010819881214003X 311
310108198909151018 312
310109195307042853 313
310109195503200038 314
310109195802103641 315
310109196001264837 316
310109196011142059 317
31010919620701485X 318
310109196208164817 319
310109196209242012 320
310109196211020873 321
310109196305174435 322
310109196306124886 323
310109196311194010 324
310109196406062838 325
310109196603273212 326
310109196803226816 327
310109196911100057 328
310109197110064871 329
310109197205112418 330
310109197209190819 331
310109197308303997 332
310109197403254417 333
310109197407172830 334
310109197502283213 335
310109197708163217 336
310109197808236014 337
310109198011305216 338
310109198112153039 339
310109198211203556 340
310109198301213010 341
310109198304113058 342
310109198408210530 343
310109198502012557 344
310109198502154010 345
310109198507230510 346
310109198508154556 347
310109198709213014 348
31010919881016451X 349
310109198912144034 350
310109199002011034 351
310109199004042037 352
310109199004301019 353
310109199111263038 354
310109199202223517 355
310109199405264538 356
310110195107274241 357
310110195708050016 358
310110195803156791 359
310110195811022435 360
310110196005142832 361
310110196108206317 362
310110196204062819 363
310110196205063215 364
310110196210091210 365
310110196301261238 366
310110196507096258 367
310110196704074613 368
310110196705091634 369
310110196705314631 370
310110196805022417 371
310110196805136238 372
310110196902235019 373
310110196905261212 374
310110196908223852 375
310110196911292410 376
310110197010054620 377
310110197202106253 378
31011019720511622X 379
310110197206275812 380
310110197303106295 381
310110197404080434 382
310110197502158629 383
310110197508044219 384
310110197508280430 385
310110197510210028 386
310110197610242422 387
310110197701021238 388
310110197701143219 389
310110197702158455 390
310110197711223810 391
310110197805121217 392
310110197905250411 393
310110198001253235 394
310110198007176218 395
31011019800810323X 396
310110198009070417 397
310110198105051515 398
310110198109191013 399
310110198202272731 400
310110198203013213 401
310110198203120035 402
310110198208082015 403
310110198209040538 404
310110198304061556 405
310110198304270577 406
310110198308185652 407
310110198309152051 408
310110198312064415 409
31011019840616007X 410
310110198506060519 411
310110198607315138 412
310110198609181014 413
310110198612035130 414
310110198710110034 415
31011019880129449X 416
310110198803115619 417
310110198809073333 418
310110198908282093 419
310110198909065656 420
310110199001251058 421
310110199003084425 422
310110199006275614 423
310110199007073731 424
310110199008213732 425
310110199304170036 426
31011119591001121X 427
310112196011220510 428
310112196111191817 429
31011219690510181X 430
310112197808284313 431
310112197910235665 432
310112198005253016 433
310112198009214911 434
31011219801231151X 435
310112198103095613 436
310112198206093039 437
31011219821110461X 438
310112198307285232 439
310112198308030039 440
310112198309011219 441
310112198503244614 442
310112198511090010 443
310112198607162410 444
310112198611015237 445
310112198704153911 446
310112198805315211 447
310112199211125650 448
310112199401111815 449
310113196004027719 450
310113196809140831 451
310113197208037518 452
310113197303094836 453
310113197306122417 454
310113197411053636 455
310113197601245532 456
310113197709113611 457
310113197802024613 458
310113197804192135 459
310113197905255318 460
310113197911181917 461
310113198006184119 462
310113198009280827 463
310113198110054824 464
31011319811120533X 465
310113198204053611 466
310113198207061932 467
310113198303163429 468
310113198309194613 469
310113198403092437 470
310113198601190812 471
310113198611030011 472
310113198701084339 473
310113198704250814 474
310113198801040018 475
310113198805210811 476
310113198811240312 477
31011319900619432X 478
310113199112060317 479
310113199209260358 480
310113199305103416 481
310113199308100018 482
310113199308180038 483
310114197807090229 484
310114197907061417 485
310114197908183213 486
31011419791012401X 487
310114197910140079 488
31011419791203101X 489
310114198101113438 490
310114198102101236 491
310114198210063230 492
31011419821113001X 493
31011419830402083X 494
310114198311110913 495
31011419841112081X 496
310114198601011614 497
310114198701273814 498
310115196801310114 499
310115197701015219 500
310115197703255232 501
310115197707245218 502
31011519780501523X 503
310115197810072255 504
31011519791228761X 505
310115198102227417 506
310115198105315623 507
310115198110214210 508
310115198110284032 509
310115198207013271 510
310115198208250471 511
310115198209284032 512
31011519821101041X 513
310115198301222539 514
310115198303045636 515
31011519831024721X 516
31011519840510051X 517
310115198406161939 518
310115198504193838 519
310115198509041913 520
31011519860212561X 521
310115198603163212 522
310115198606265011 523
310115198609137218 524
310115198702032218 525
310115198704190914 526
310115198704275635 527
310115198708185610 528
310115198709068635 529
310115198709072212 530
310115198711212237 531
310115198801087214 532
310115198803185635 533
310115198806020617 534
310115198808080912 535
31011519890124095X 536
310115198902013214 537
310115198903303838 538
310115198908296833 539
310115199006094014 540
310115199008225217 541
310115199008228610 542
310115199009084719 543
31011519910121781X 544
310115199105280621 545
310115199107134011 546
310115199107312236 547
310115199110167236 548
310115199111188418 549
310115199209108017 550
310115199211098313 551
310117197205212419 552
310117199101170014 553
310117199105010018 554
310221196404191214 555
310221196509195633 556
310221197509256410 557
310222196002082812 558
310222196010260025 559
31022219630221301X 560
310222196405234040 561
310222196410180219 562
310222196703082815 563
310222196704020018 564
310222196809220614 565
310222197007230436 566
310222197103181216 567
310222197111083413 568
310222197302012415 569
310222197308030817 570
310222197408040238 571
310222197601232418 572
310222197609222230 573
310222197610044216 574
310223196402231019 575
310223196501110239 576
310223196602140031 577
310223196711230431 578
310223196811231618 579
310223196911193014 580
310223197207040617 581
310223197211290037 582
31022419640407763X 583
310224196612024452 584
310224196705184420 585
310224196804076011 586
310224197107057610 587
31022419741014002X 588
310225195307292831 589
310225195702146017 590
310225197711104846 591
310225198101250410 592
310225198306290416 593
310225198502083019 594
310225198604250017 595
310225198707310035 596
310225198710203417 597
310225198710265431 598
310225198711091015 599
310225198711290655 600
310225198801075617 601
310225198804120014 602
310225198807081823 603
310225198808090019 604
31022519890630341X 605
310225198912111238 606
310225199003064010 607
310225199004260013 608
310225199010086613 609
310225199105062614 610
310225199108154012 611
310225199108220059 612
310225199108304017 613
310225199205300819 614
310225199209163815 615
310225199211043011 616
310225199301130012 617
310226196110101617 618
31022619660408321X 619
31022619670926237X 620
310226197511233519 621
310226197604020010 622
310226197809301326 623
310226198011080733 624
310226198205190017 625
310226198208120014 626
310226198212013916 627
310226198401092959 628
310226198411272611 629
310226198509083552 630
310226198601232012 631
310226198701032317 632
310226198702152919 633
310226198702193710 634
310226198711064515 635
310226198805070019 636
310226198811211818 637
31022619881223005X 638
310226198904170015 639
310226198911074515 640
310226199109093537 641
310226199110050016 642
310226199112314521 643
310226199202220326 644
310226199301112654 645
310227196803162013 646
310227196910310018 647
310227197403140813 648
310227197604232431 649
310227197709260017 650
310227197810074438 651
310227198102244015 652
310227198110180074 653
310227198204033817 654
310227198204120128 655
31022719840520001X 656
310227198507271812 657
310227198602220810 658
310227198609120011 659
31022719870410241X 660
310227198708160019 661
310227198708190111 662
310227198908313614 663
310227199006193013 664
310227199211081037 665
310227199308310051 666
31022819531209541X 667
310228196001253219 668
310228196004125415 669
310228196008160074 670
310228196008190011 671
310228196307223821 672
310228196404285418 673
310228196507090015 674
310228196601213632 675
310228196609305419 676
310228196612191635 677
310228196706163037 678
310228196709063218 679
310228196807161022 680
310228196903123210 681
310228197001211013 682
310228197206192610 683
310228197206212837 684
310228197211262812 685
310228197302193453 686
310228197311013813 687
310228197311171811 688
310228197407232615 689
310228197410143832 690
310228197507192219 691
310228197511233415 692
310228197603271611 693
310228197604163831 694
310228197703032634 695
310228197705183815 696
310228197907193835 697
310228198001050832 698
310228198003251611 699
310228198012161618 700
310228198106062039 701
310228198109062675 702
31022819810929541X 703
31022819821128221X 704
310228198311270814 705
31022819840505221X 706
310228198407283839 707
31022819850718001X 708
31022819850914141X 709
310228198705290017 710
310228198709062011 711
310228198711030430 712
310228198801290017 713
310228198802172012 714
310228198805273812 715
31022819880929221X 716
310228198810291038 717
31022819881117081X 718
310228198812032013 719
310228198905213817 720
310228198911110419 721
310228198912156427 722
310228199001262610 723
310228199004106437 724
310228199010061212 725
310228199103215073 726
310228199106111413 727
310228199203095419 728
310228199301013616 729
310229195202283619 730
310229195304251626 731
31022919570812325X 732
310229196006041633 733
310229196203230011 734
310229196307270018 735
310229196404210017 736
310229196507300218 737
310229196709070019 738
310229197203090017 739
310229197212100096 740
31022919730617001X 741
310229197310300016 742
310229197408111619 743
310229197411181634 744
310229197812051611 745
310229197909100010 746
310229197912230852 747
310229198006041413 748
310229198010014012 749
310229198103040420 750
310229198110010617 751
310229198112044220 752
310229198201310033 753
310229198211211215 754
310229198411070410 755
310229198411153216 756
310229198411250016 757
31022919860625341X 758
310229198608103431 759
310229198611220014 760
31022919880301061X 761
310229198909082611 762
310229198910042414 763
310229199004173011 764
310229199008270038 765
31022919900908021X 766
310229199101090218 767
310229199110060213 768
310229199111090617 769
310229199204040416 770
310229199204083213 771
310229199210212616 772
310230195408133347 773
310230195709113745 774
310230196309173970 775
310230196405020536 776
310230196802087216 777
310230196908203318 778
310230197106164171 779
310230197205164775 780
310230197306143113 781
310230197410070268 782
31023019751123273X 783
310230197701141935 784
310230197809053718 785
310230197809123712 786
310230198006160653 787
310230198308080851 788
310230198308304376 789
310230198612263118 790
310230198707120451 791
310230198802024951 792
310230198803213738 793
310230198806023323 794
310230198909022518 795
310230199001023136 796
310230199001263738 797
310230199010214559 798
310230199011080476 799
310230199210094774 800
310230199308041451 801
320112198309241710 802
320114196807150639 803
320114197411193311 804
320211198001254135 805
320219198606166518 806
320324198308024673 807
320382196707102514 808
320504199002213754 809
32050419911103304X 810
320523197111185916 811
320623197303061892 812
320624196505012871 813
320625195405013449 814
320625197209073611 815
320626197006260616 816
320626197404197253 817
320626198202205811 818
32068119870820321X 819
320681199308046010 820
320682198601091875 821
320684199308195699 822
320722197007141678 823
320723198506013436 824
320723198607082617 825
320819195504097215 826
32082319811114244X 827
320882197006088010 828
320882198301114618 829
320919196803011733 830
320919197003314714 831
320921197412212411 832
320921198102102414 833
320922195510082013 834
320922198605241121 835
32092319740425485X 836
320923197509111572 837
320924197011248164 838
321022197311056518 839
32102319830125284X 840
321027196910294531 841
321081197305088716 842
321084197107295211 843
321088196207022561 844
321088196906092235 845
321088198004281837 846
321088198609226910 847
321119197102037510 848
321282199003130014 849
330203197512110317 850
33022719930728078X 851
330302196110020823 852
330304198806012719 853
330323197611055932 854
330324196301030192 855
33032419880303001X 856
33048219890629181X 857
330621198911076397 858
330621199002172650 859
330625197103152751 860
330681198803229030 861
330683198710240049 862
330721197012214638 863
330722198502133639 864
331082199203173175 865
332521197311086921 866
332601197011092545 867
332621197205081655 868
34010319861009151X 869
340123197106107296 870
340123198012171937 871
340222196909012914 872
340223197512277413 873
340224196809251718 874
340302196507080439 875
340311198310170284 876
340321198409238923 877
340321198809222779 878
340321199002172453 879
340321199010092795 880
340321199110134366 881
340321199307197344 882
340323198810036175 883
340406197203153438 884
340421198004063817 885
340421198210202814 886
340421198210223818 887
34060319761211081X 888
340826197811122210 889
340826199201260877 890
341122199306130611 891
341127197507253012 892
341204198606072714 893
341221198904206676 894
34122319831206411X 895
34122619690530502X 896
341226197504012714 897
341226199007124255 898
341226199309240825 899
341227198410045639 900
342101196607185216 901
342121196310054050 902
342124197601224914 903
34212719720429941X 904
34212819620403136X 905
34212819780220371X 906
34212819790226531X 907
342201197402065683 908
342201197406207255 909
342201197907300212 910
342221197901011036 911
342221199309187816 912
342222194507148416 913
342222197204166098 914
342421197209031146 915
342422196712022636 916
342422196809123871 917
342422197307021132 918
342423197210287571 919
34242319801206681X 920
342423199009101172 921
342425197802178689 922
342426198007012250 923
342501197601090036 924
342529196803255419 925
34252919871226241X 926
342529199009246412 927
34253019870206161X 928
342601197511102924 929
342622197512274316 930
342622198212040803 931
342623198411285017 932
342623198809147917 933
34282219510523145X 934
342823197210024036 935
342901197609226454 936
350321196508163034 937
350722198307131615 938
350725199103231511 939
352201198412094134 940
352203196708134725 941
352203198502132512 942
36010219740129433X 943
36010319710501271X 944
36012319580509031X 945
360123197212150734 946
36012419670828421X 947
360425198808153710 948
360426196708170617 949
360781198909100076 950
362229197908290810 951
36222919930826102X 952
362322197512146039 953
362322198711178417 954
362330196812010227 955
362422197605057532 956
362425198907201214 957
362501196611041413 958
362524198611156038 959
362531199308212410 960
370727197007209477 961
370785199301097472 962
370902198808221212 963
371202198603184035 964
371329197807154517 965
372525198306253016 966
372822196907023134 967
37292319640212007X 968
41042619600419501X 969
410826196809070515 970
41092819900320511X 971
411329198011275011 972
411381198310267914 973
411425197505107240 974
412721198401020315 975
412722198209100151 976
41272619791216377X 977
412728197802126073 978
412825197403071016 979
413021197008144117 980
413026197012202158 981
413026198708286614 982
420115198608045122 983
420704197905276604 984
420822197808013130 985
420983197610209654 986
420983197910015237 987
421023196802270768 988
421081196801024884 989
421122197411240039 990
421124198902272059 991
422128196801130534 992
422130197902164713 993
422301198205183584 994
422325196906064248 995
422325196912312922 996
422325197010050585 997
422326197406116428 998
422326198912281930 999
422423197502043704 1000
422825198201211427 1001
422826199401064725 1002
429005198206217657 1003
430122198507100343 1004
430281198802231368 1005
430322197002015086 1006
430422197312048428 1007
430422197701132682 1008
430423198110220972 1009
430521198705157784 1010
430923198902122315 1011
431081198803170851 1012
431126198904042219 1013
432326197804270946 1014
432524196903014030 1015
432524198902121423 1016
44052419720710239X 1017
440783197811222014 1018
450323200002041537 1019
450621199704143229 1020
452226197410302717 1021
500234199004241850 1022
500237199505150024 1023
500243198810020237 1024
510212196508281637 1025
510212196605251659 1026
510212196808081637 1027
510212196810023524 1028
510321197001190038 1029
510721197011244134 1030
510902199101053623 1031
511130196710280011 1032
511523198204247136 1033
512225197207035991 1034
512227197709151100 1035
512929196603102016 1036
513523198203101540 1037
513722198101031283 1038
522130196707127676 1039
522224198007083227 1040
522425198712291539 1041
522601197409087610 1042
522635199105150425 1043
52270119801011682X 1044
522724199202131820 1045
522729197806013625 1046
532301197109150046 1047
532622198508132147 1048
610221199206114618 1049
610303198706201214 1050
620522198608271544 1051
622627199110141412 1052
650102197209299033 1053
650108197609121945 1054
